1 134
2 48
3 31
4 15
5 8
6 6
7 1
8 3
9 1
10 0
11 1
12 0
13 0
14 0
15 0
16 0
17 0
18 0
19 0
1 138
2 61
3 33
4 14
5 6
6 5
7 1
8 1
9 1
10 0
11 0
12 1
13 0
14 0
15 0
16 0
17 0
18 0
19 0
1 128
2 69
3 34
4 9
5 4
6 7
7 3
8 3
9 0
10 0
11 0
12 0
13 0
14 0
15 0
16 0
17 0
18 0
19 0
1 153
2 53
3 34
4 18
5 8
6 2
7 1
8 0
9 1
10 1
11 0
12 0
13 0
14 0
15 0
16 0
17 0
18 0
19 0
1 136
2 60
3 37
4 15
5 6
6 1
7 1
8 1
9 1
10 1
11 0
12 0
13 0
14 1
15 0
16 0
17 0
18 0
19 0
1 125
2 66
3 22
4 25
5 7
6 6
7 1
8 0
9 0
10 1
11 0
12 0
13 0
14 0
15 0
16 0
17 0
18 0
19 0
1 137
2 57
3 25
4 21
5 7
6 5
7 4
8 1
9 0
10 0
11 0
12 0
13 0
14 0
15 0
16 0
17 0
18 0
19 0
1 129
2 64
3 37
4 15
5 4
6 0
7 3
8 3
9 2
10 0
11 0
12 0
13 0
14 0
15 0
16 0
17 0
18 0
19 0
